5.007474536942253529e+00 0.000000000000000000e+00 -4.997072966280746154e-01 -4.996245058390563210e-01 0.000000000000000000e+00 0.000000000000000000e+00 -4.996583173607351824e-01 0.000000000000000000e+00 2.496262680135791223e-01 -4.992557489229647039e-01 0.000000000000000000e+00 0.000000000000000000e+00 0.000000000000000000e+00 0.000000000000000000e+00 0.000000000000000000e+00 -4.995052384938132861e-01 0.000000000000000000e+00 0.000000000000000000e+00 0.000000000000000000e+00 0.000000000000000000e+00 0.000000000000000000e+00 0.000000000000000000e+00 0.000000000000000000e+00 0.000000000000000000e+00 0.000000000000000000e+00 0.000000000000000000e+00 -4.997758939819444413e-01 0.000000000000000000e+00 0.000000000000000000e+00 0.000000000000000000e+00 0.000000000000000000e+00 2.495291157704864204e-01 0.000000000000000000e+00 0.000000000000000000e+00 0.000000000000000000e+00 0.000000000000000000e+00 0.000000000000000000e+00 0.000000000000000000e+00 0.000000000000000000e+00 0.000000000000000000e+00 0.000000000000000000e+00 0.000000000000000000e+00 0.000000000000000000e+00 0.000000000000000000e+00 0.000000000000000000e+00 0.000000000000000000e+00 0.000000000000000000e+00 0.000000000000000000e+00 0.000000000000000000e+00 0.000000000000000000e+00 0.000000000000000000e+00 0.000000000000000000e+00 0.000000000000000000e+00 0.000000000000000000e+00 0.000000000000000000e+00 0.000000000000000000e+00 0.000000000000000000e+00 0.000000000000000000e+00 0.000000000000000000e+00 0.000000000000000000e+00 0.000000000000000000e+00 0.000000000000000000e+00 0.000000000000000000e+00 0.000000000000000000e+00 0.000000000000000000e+00 0.000000000000000000e+00 0.000000000000000000e+00 2.494144681804334462e-01 0.000000000000000000e+00 0.000000000000000000e+00 0.000000000000000000e+00 0.000000000000000000e+00 -4.997525074447707882e-01 0.000000000000000000e+00 -4.997498699510072862e-01 0.000000000000000000e+00 0.000000000000000000e+00 2.493777806684154830e-01 0.000000000000000000e+00 0.000000000000000000e+00
0.000000000000000000e+00 3.007189340484374362e+00 0.000000000000000000e+00 0.000000000000000000e+00 0.000000000000000000e+00 0.000000000000000000e+00 -4.991686976272260989e-01 0.000000000000000000e+00 -4.996983820293525169e-01 0.000000000000000000e+00 0.000000000000000000e+00 0.000000000000000000e+00 0.000000000000000000e+00 0.000000000000000000e+00 0.000000000000000000e+00 0.000000000000000000e+00 0.000000000000000000e+00 -4.996413831486686830e-01 0.000000000000000000e+00 0.000000000000000000e+00 0.000000000000000000e+00 0.000000000000000000e+00 0.000000000000000000e+00 0.000000000000000000e+00 0.000000000000000000e+00 0.000000000000000000e+00 0.000000000000000000e+00 0.000000000000000000e+00 0.000000000000000000e+00 0.000000000000000000e+00 0.000000000000000000e+00 0.000000000000000000e+00 0.000000000000000000e+00 0.000000000000000000e+00 0.000000000000000000e+00 0.000000000000000000e+00 0.000000000000000000e+00 0.000000000000000000e+00 0.000000000000000000e+00 0.000000000000000000e+00 0.000000000000000000e+00 0.000000000000000000e+00 0.000000000000000000e+00 0.000000000000000000e+00 0.000000000000000000e+00 0.000000000000000000e+00 0.000000000000000000e+00 0.000000000000000000e+00 -4.991117523648048171e-01 0.000000000000000000e+00 0.000000000000000000e+00 0.000000000000000000e+00 0.000000000000000000e+00 0.000000000000000000e+00 0.000000000000000000e+00 0.000000000000000000e+00 0.000000000000000000e+00 0.000000000000000000e+00 0.000000000000000000e+00 0.000000000000000000e+00 0.000000000000000000e+00 0.000000000000000000e+00 0.000000000000000000e+00 0.000000000000000000e+00 -4.997941586244749046e-01 0.000000000000000000e+00 0.000000000000000000e+00 0.000000000000000000e+00 0.000000000000000000e+00 -4.997749666898471665e-01 0.000000000000000000e+00 0.000000000000000000e+00 0.000000000000000000e+00 0.000000000000000000e+00 0.000000000000000000e+00 0.000000000000000000e+00 0.000000000000000000e+00 0.000000000000000000e+00 0.000000000000000000e+00 0.000000000000000000e+00
-4.997072966280746154e-01 0.000000000000000000e+00 1.075764889661323132e+01 2.496660111419725103e-01 0.000000000000000000e+00 0.000000000000000000e+00 4.991236219576061783e-01 0.000000000000000000e+00 0.000000000000000000e+00 2.494817406203194698e-01 0.000000000000000000e+00 0.000000000000000000e+00 2.493251997779411533e-01 0.000000000000000000e+00 0.000000000000000000e+00 2.496064123793051148e-01 2.499361284258647120e-01 4.993311525058143352e-01 0.000000000000000000e+00 0.000000000000000000e+00 0.000000000000000000e+00 0.000000000000000000e+00 0.000000000000000000e+00 0.000000000000000000e+00 2.494206930620041784e-01 2.496271223127518868e-01 2.497416609015966904e-01 0.000000000000000000e+00 2.492285723253323815e-01 2.493561485976325542e-01 4.991963266664370957e-01 2.494760176611719449e-01 -2.500643389212986456e-01 -4.991247815806259536e-01 0.000000000000000000e+00 0.000000000000000000e+00 -4.994261496578953907e-01 0.000000000000000000e+00 0.000000000000000000e+00 0.000000000000000000e+00 0.000000000000000000e+00 0.000000000000000000e+00 2.494778828027727213e-01 4.990898268076734423e-01 0.000000000000000000e+00 0.000000000000000000e+00 2.493655678382427077e-01 0.000000000000000000e+00 2.495604628574659145e-01 0.000000000000000000e+00 0.000000000000000000e+00 0.000000000000000000e+00 -4.996885717540648364e-01 2.496413756514277715e-01 0.000000000000000000e+00 7.488147399014992711e-01 0.000000000000000000e+00 0.000000000000000000e+00 0.000000000000000000e+00 -4.993520286409460218e-01 0.000000000000000000e+00 0.000000000000000000e+00 2.495327824897432545e-01 0.000000000000000000e+00 2.495659662677343904e-01 2.492702955480570470e-01 0.000000000000000000e+00 0.000000000000000000e+00 0.000000000000000000e+00 0.000000000000000000e+00 0.000000000000000000e+00 0.000000000000000000e+00 0.000000000000000000e+00 2.492626422679168618e-01 2.497286565034497197e-01 2.494867119576581194e-01 0.000000000000000000e+00 0.000000000000000000e+00 0.000000000000000000e+00 0.000000000000000000e+00
-4.996245058390563210e-01 0.000000000000000000e+00 2.496660111419725103e-01 1.324997403309538768e+01 -4.994249983283543526e-01 2.494432116959827694e-01 2.496415398997317014e-01 0.000000000000000000e+00 0.000000000000000000e+00 -2.496144702479257682e-01 0.000000000000000000e+00 7.478020267614041705e-01 -4.992580020887397718e-01 2.491251011463844478e-01 0.000000000000000000e+00 7.482064668639272220e-01 4.985860309646775734e-01 -7.167671725276103523e-04 2.491574373843481183e-01 0.000000000000000000e+00 2.495557066996504370e-01 4.986149364054786037e-01 -4.994869494245728903e-01 0.000000000000000000e+00 0.000000000000000000e+00 2.491461376915576065e-01 2.497002840610015872e-01 4.985875149980312226e-01 -4.994134727311154709e-01 0.000000000000000000e+00 2.494134011343751289e-01 -8.894122662619907693e-04 0.000000000000000000e+00 2.494537661843015952e-01 0.000000000000000000e+00 0.000000000000000000e+00 2.494695967026521466e-01 0.000000000000000000e+00 0.000000000000000000e+00 0.000000000000000000e+00 2.492181498011461493e-01 2.492460163827155961e-01 0.000000000000000000e+00 0.000000000000000000e+00 0.000000000000000000e+00 0.000000000000000000e+00 2.492081160072697199e-01 0.000000000000000000e+00 2.496714158668587313e-01 2.494197400778567220e-01 2.496480041049453924e-01 2.490821885389854218e-01 0.000000000000000000e+00 0.000000000000000000e+00 2.491841608401721697e-01 0.000000000000000000e+00 0.000000000000000000e+00 0.000000000000000000e+00 4.983423944404246075e-01 0.000000000000000000e+00 0.000000000000000000e+00 0.000000000000000000e+00 0.000000000000000000e+00 0.000000000000000000e+00 2.495076477610246313e-01 2.495291500527496986e-01 0.000000000000000000e+00 0.000000000000000000e+00 0.000000000000000000e+00 0.000000000000000000e+00 0.000000000000000000e+00 -4.991971666670897423e-01 0.000000000000000000e+00 0.000000000000000000e+00 2.496872818174046826e-01 2.491223381978694695e-01 2.493891211166131827e-01 0.000000000000000000e+00 0.000000000000000000e+00 -4.990721700526000171e-01
0.000000000000000000e+00 0.000000000000000000e+00 0.000000000000000000e+00 -4.994249983283543526e-01 6.756927992812395090e+00 0.000000000000000000e+00 0.000000000000000000e+00 -4.990814328134181577e-01 0.000000000000000000e+00 0.000000000000000000e+00 0.000000000000000000e+00 -4.991791611742376622e-01 0.000000000000000000e+00 2.492949867950576270e-01 0.000000000000000000e+00 0.000000000000000000e+00 -4.993736100871949968e-01 -4.992724924703556000e-01 0.000000000000000000e+00 0.000000000000000000e+00 0.000000000000000000e+00 0.000000000000000000e+00 0.000000000000000000e+00 0.000000000000000000e+00 0.000000000000000000e+00 2.493397023367475707e-01 0.000000000000000000e+00 0.000000000000000000e+00 0.000000000000000000e+00 0.000000000000000000e+00 0.000000000000000000e+00 -4.993274419965502142e-01 0.000000000000000000e+00 0.000000000000000000e+00 0.000000000000000000e+00 2.497628765439322829e-01 0.000000000000000000e+00 0.000000000000000000e+00 0.000000000000000000e+00 0.000000000000000000e+00 -4.990101629580303566e-01 2.496598023473739214e-01 0.000000000000000000e+00 0.000000000000000000e+00 0.000000000000000000e+00 0.000000000000000000e+00 0.000000000000000000e+00 2.496769707300542929e-01 -2.507886787197911582e-01 -4.998218824218649270e-01 -4.998708613716821292e-01 0.000000000000000000e+00 0.000000000000000000e+00 0.000000000000000000e+00 0.000000000000000000e+00 2.494640643188426876e-01 0.000000000000000000e+00 0.000000000000000000e+00 0.000000000000000000e+00 0.000000000000000000e+00 0.000000000000000000e+00 0.000000000000000000e+00 0.000000000000000000e+00 0.000000000000000000e+00 -4.995898254916389392e-01 0.000000000000000000e+00 0.000000000000000000e+00 0.000000000000000000e+00 0.000000000000000000e+00 0.000000000000000000e+00 0.000000000000000000e+00 0.000000000000000000e+00 0.000000000000000000e+00 0.000000000000000000e+00 0.000000000000000000e+00 0.000000000000000000e+00 0.000000000000000000e+00 0.000000000000000000e+00 0.000000000000000000e+00 0.000000000000000000e+00
0.000000000000000000e+00 0.000000000000000000e+00 0.000000000000000000e+00 2.494432116959827694e-01 0.000000000000000000e+00 7.507270296282652744e+00 0.000000000000000000e+00 0.000000000000000000e+00 -4.992584325687339786e-01 -4.998312272791657351e-01 0.000000000000000000e+00 0.000000000000000000e+00 2.497117937538341492e-01 -4.996610206641768914e-01 0.000000000000000000e+00 0.000000000000000000e+00 -4.993146677624045182e-01 0.000000000000000000e+00 0.000000000000000000e+00 0.000000000000000000e+00 0.000000000000000000e+00 2.496286352343909387e-01 0.000000000000000000e+00 2.497500544605862072e-01 0.000000000000000000e+00 0.000000000000000000e+00 0.000000000000000000e+00 2.494978118978686266e-01 0.000000000000000000e+00 0.000000000000000000e+00 0.000000000000000000e+00 0.000000000000000000e+00 0.000000000000000000e+00 0.000000000000000000e+00 0.000000000000000000e+00 2.494899811393683497e-01 0.000000000000000000e+00 0.000000000000000000e+00 0.000000000000000000e+00 2.493836534612508815e-01 2.494214986310027138e-01 0.000000000000000000e+00 0.000000000000000000e+00 0.000000000000000000e+00 0.000000000000000000e+00 -4.996650016558524254e-01 0.000000000000000000e+00 2.497400034184952267e-01 0.000000000000000000e+00 0.000000000000000000e+00 0.000000000000000000e+00 2.494696709840034943e-01 0.000000000000000000e+00 0.000000000000000000e+00 2.495718019174746893e-01 2.495122658559966178e-01 -4.996717022274316244e-01 0.000000000000000000e+00 2.496088711766474844e-01 0.000000000000000000e+00 0.000000000000000000e+00 0.000000000000000000e+00 0.000000000000000000e+00 0.000000000000000000e+00 -4.998563266552382145e-01 0.000000000000000000e+00 0.000000000000000000e+00 2.495230087124221952e-01 0.000000000000000000e+00 2.492622185076444341e-01 0.000000000000000000e+00 0.000000000000000000e+00 0.000000000000000000e+00 0.000000000000000000e+00 0.000000000000000000e+00 2.495098831013398133e-01 0.000000000000000000e+00 0.000000000000000000e+00 0.000000000000000000e+00 0.000000000000000000e+00
-4.996583173607351824e-01 -4.991686976272260989e-01 4.991236219576061783e-01 2.496415398997317014e-01 0.000000000000000000e+00 0.000000000000000000e+00 1.125751964749731471e+01 0.000000000000000000e+00 2.494337905640239827e-01 2.494572874395222239e-01 2.494944341001135435e-01 0.000000000000000000e+00 2.495065568462610239e-01 2.494895628514826047e-01 0.000000000000000000e+00 4.990412497388579949e-01 0.000000000000000000e+00 4.992655861191540589e-01 0.000000000000000000e+00 0.000000000000000000e+00 -4.999407494153085829e-01 0.000000000000000000e+00 0.000000000000000000e+00 0.000000000000000000e+00 2.497362338125574677e-01 0.000000000000000000e+00 2.497171822444755329e-01 4.988832576482655767e-01 2.494476520823754873e-01 2.496716076933380435e-01 0.000000000000000000e+00 0.000000000000000000e+00 0.000000000000000000e+00 -4.997562216037700900e-01 0.000000000000000000e+00 0.000000000000000000e+00 0.000000000000000000e+00 0.000000000000000000e+00 0.000000000000000000e+00 2.495302961988909163e-01 -4.990978812292218292e-01 0.000000000000000000e+00 0.000000000000000000e+00 -4.991854117880970554e-01 2.492866003322357360e-01 0.000000000000000000e+00 0.000000000000000000e+00 0.000000000000000000e+00 2.491409633983822092e-01 0.000000000000000000e+00 -4.995463399275920646e-01 2.490694747149046484e-01 0.000000000000000000e+00 0.000000000000000000e+00 0.000000000000000000e+00 2.498345366227794906e-01 2.498637989478959265e-01 0.000000000000000000e+00 0.000000000000000000e+00 0.000000000000000000e+00 0.000000000000000000e+00 0.000000000000000000e+00 2.498484650440166988e-01 0.000000000000000000e+00 -2.497972601219643762e-01 0.000000000000000000e+00 0.000000000000000000e+00 0.000000000000000000e+00 2.494800899723110810e-01 4.991537886918556710e-01 0.000000000000000000e+00 0.000000000000000000e+00 0.000000000000000000e+00 2.495779830692775592e-01 2.497041791209665407e-01 0.000000000000000000e+00 0.000000000000000000e+00 0.000000000000000000e+00 0.000000000000000000e+00 0.000000000000000000e+00
0.000000000000000000e+00 0.000000000000000000e+00 0.000000000000000000e+00 0.000000000000000000e+00 -4.990814328134181577e-01 0.000000000000000000e+00 0.000000000000000000e+00 2.507207886674875041e+00 0.000000000000000000e+00 0.000000000000000000e+00 0.000000000000000000e+00 0.000000000000000000e+00 0.000000000000000000e+00 -4.995076362383064073e-01 0.000000000000000000e+00 0.000000000000000000e+00 0.000000000000000000e+00 0.000000000000000000e+00 0.000000000000000000e+00 0.000000000000000000e+00 0.000000000000000000e+00 0.000000000000000000e+00 0.000000000000000000e+00 0.000000000000000000e+00 0.000000000000000000e+00 -4.995972319209946444e-01 0.000000000000000000e+00 0.000000000000000000e+00 0.000000000000000000e+00 0.000000000000000000e+00 0.000000000000000000e+00 0.000000000000000000e+00 0.000000000000000000e+00 0.000000000000000000e+00 0.000000000000000000e+00 0.000000000000000000e+00 0.000000000000000000e+00 0.000000000000000000e+00 0.000000000000000000e+00 0.000000000000000000e+00 0.000000000000000000e+00 0.000000000000000000e+00 0.000000000000000000e+00 0.000000000000000000e+00 0.000000000000000000e+00 0.000000000000000000e+00 0.000000000000000000e+00 0.000000000000000000e+00 -4.991751720366230938e-01 0.000000000000000000e+00 0.000000000000000000e+00 0.000000000000000000e+00 0.000000000000000000e+00 0.000000000000000000e+00 0.000000000000000000e+00 -4.998464136655328960e-01 0.000000000000000000e+00 0.000000000000000000e+00 0.000000000000000000e+00 0.000000000000000000e+00 0.000000000000000000e+00 0.000000000000000000e+00 0.000000000000000000e+00 0.000000000000000000e+00 0.000000000000000000e+00 0.000000000000000000e+00 0.000000000000000000e+00 0.000000000000000000e+00 0.000000000000000000e+00 0.000000000000000000e+00 0.000000000000000000e+00 0.000000000000000000e+00 0.000000000000000000e+00 0.000000000000000000e+00 0.000000000000000000e+00 0.000000000000000000e+00 0.000000000000000000e+00 0.000000000000000000e+00 0.000000000000000000e+00 0.000000000000000000e+00
2.496262680135791223e-01 -4.996983820293525169e-01 0.000000000000000000e+00 0.000000000000000000e+00 0.000000000000000000e+00 -4.992584325687339786e-01 2.494337905640239827e-01 0.000000000000000000e+00 5.257614614120155849e+00 0.000000000000000000e+00 0.000000000000000000e+00 0.000000000000000000e+00 0.000000000000000000e+00 0.000000000000000000e+00 0.000000000000000000e+00 0.000000000000000000e+00 0.000000000000000000e+00 2.496699907542975494e-01 0.000000000000000000e+00 0.000000000000000000e+00 0.000000000000000000e+00 0.000000000000000000e+00 0.000000000000000000e+00 0.000000000000000000e+00 0.000000000000000000e+00 0.000000000000000000e+00 0.000000000000000000e+00 0.000000000000000000e+00 0.000000000000000000e+00 0.000000000000000000e+00 0.000000000000000000e+00 2.494029280875994514e-01 0.000000000000000000e+00 0.000000000000000000e+00 0.000000000000000000e+00 -4.997211160875495439e-01 0.000000000000000000e+00 0.000000000000000000e+00 0.000000000000000000e+00 -4.995081448662716528e-01 -4.995839476314991034e-01 0.000000000000000000e+00 0.000000000000000000e+00 0.000000000000000000e+00 0.000000000000000000e+00 0.000000000000000000e+00 0.000000000000000000e+00 0.000000000000000000e+00 2.494053351085278314e-01 0.000000000000000000e+00 0.000000000000000000e+00 0.000000000000000000e+00 0.000000000000000000e+00 0.000000000000000000e+00 0.000000000000000000e+00 0.000000000000000000e+00 0.000000000000000000e+00 0.000000000000000000e+00 0.000000000000000000e+00 0.000000000000000000e+00 0.000000000000000000e+00 0.000000000000000000e+00 0.000000000000000000e+00 0.000000000000000000e+00 2.497463324123716799e-01 0.000000000000000000e+00 0.000000000000000000e+00 2.492883384752044851e-01 0.000000000000000000e+00 -2.495281719815103383e-01 0.000000000000000000e+00 0.000000000000000000e+00 -4.994997809814212819e-01 0.000000000000000000e+00 0.000000000000000000e+00 0.000000000000000000e+00 0.000000000000000000e+00 2.492516695161803020e-01 0.000000000000000000e+00 0.000000000000000000e+00
-4.992557489229647039e-01 0.000000000000000000e+00 2.494817406203194698e-01 -2.496144702479257682e-01 0.000000000000000000e+00 -4.998312272791657351e-01 2.494572874395222239e-01 0.000000000000000000e+00 0.000000000000000000e+00 7.253138448135241667e+00 0.000000000000000000e+00 0.000000000000000000e+00 2.495604896526719407e-01 0.000000000000000000e+00 2.493110996626697606e-01 2.493808619351728373e-01 0.000000000000000000e+00 0.000000000000000000e+00 -4.993729958197482555e-01 0.000000000000000000e+00 0.000000000000000000e+00 -4.994258493876941318e-01 0.000000000000000000e+00 0.000000000000000000e+00 0.000000000000000000e+00 0.000000000000000000e+00 2.495159882435998844e-01 -4.991641143671863845e-01 0.000000000000000000e+00 0.000000000000000000e+00 2.493042036518554605e-01 0.000000000000000000e+00 0.000000000000000000e+00 0.000000000000000000e+00 0.000000000000000000e+00 0.000000000000000000e+00 0.000000000000000000e+00 0.000000000000000000e+00 0.000000000000000000e+00 0.000000000000000000e+00 0.000000000000000000e+00 0.000000000000000000e+00 0.000000000000000000e+00 0.000000000000000000e+00 0.000000000000000000e+00 2.491992794013063450e-01 0.000000000000000000e+00 0.000000000000000000e+00 0.000000000000000000e+00 0.000000000000000000e+00 2.494202781087332954e-01 -4.991078135353669842e-01 0.000000000000000000e+00 0.000000000000000000e+00 -4.993121443732523312e-01 0.000000000000000000e+00 2.495645834827451559e-01 0.000000000000000000e+00 -4.993863079251668058e-01 0.000000000000000000e+00 0.000000000000000000e+00 0.000000000000000000e+00 0.000000000000000000e+00 0.000000000000000000e+00 0.000000000000000000e+00 0.000000000000000000e+00 0.000000000000000000e+00 0.000000000000000000e+00 0.000000000000000000e+00 0.000000000000000000e+00 0.000000000000000000e+00 0.000000000000000000e+00 0.000000000000000000e+00 0.000000000000000000e+00 2.495029955965443469e-01 -2.499826715637637475e-01 0.000000000000000000e+00 0.000000000000000000e+00 0.000000000000000000e+00 0.000000000000000000e+00
0.000000000000000000e+00 0.000000000000000000e+00 0.000000000000000000e+00 0.000000000000000000e+00 0.000000000000000000e+00 0.000000000000000000e+00 2.494944341001135435e-01 0.000000000000000000e+00 0.000000000000000000e+00 0.000000000000000000e+00 7.008734864924412555e+00 -2.496087563089778583e-01 2.499029438622940580e-01 4.994078040605707258e-01 -4.998453943937046784e-01 2.498556147044001252e-01 0.000000000000000000e+00 0.000000000000000000e+00 0.000000000000000000e+00 2.494321154421522690e-01 0.000000000000000000e+00 0.000000000000000000e+00 0.000000000000000000e+00 0.000000000000000000e+00 0.000000000000000000e+00 0.000000000000000000e+00 0.000000000000000000e+00 0.000000000000000000e+00 -2.498655404135471936e-01 0.000000000000000000e+00 0.000000000000000000e+00 0.000000000000000000e+00 0.000000000000000000e+00 0.000000000000000000e+00 0.000000000000000000e+00 2.495238441933387008e-01 0.000000000000000000e+00 0.000000000000000000e+00 0.000000000000000000e+00 2.499267209292480585e-01 -4.998907899300972235e-01 0.000000000000000000e+00 0.000000000000000000e+00 0.000000000000000000e+00 2.496826379069260193e-01 0.000000000000000000e+00 0.000000000000000000e+00 -4.990453401343874495e-01 0.000000000000000000e+00 0.000000000000000000e+00 0.000000000000000000e+00 2.494651673456517726e-01 0.000000000000000000e+00 0.000000000000000000e+00 2.490331286133298516e-01 2.494957763550657015e-01 -2.501823865266737945e-01 0.000000000000000000e+00 0.000000000000000000e+00 0.000000000000000000e+00 -4.992250695697391105e-01 0.000000000000000000e+00 0.000000000000000000e+00 0.000000000000000000e+00 0.000000000000000000e+00 0.000000000000000000e+00 0.000000000000000000e+00 -2.505687434041753425e-01 2.493599316417877410e-01 2.491703970821594893e-01 -4.992707007715342926e-01 0.000000000000000000e+00 0.000000000000000000e+00 0.000000000000000000e+00 0.000000000000000000e+00 0.000000000000000000e+00 0.000000000000000000e+00 0.000000000000000000e+00 0.000000000000000000e+00 0.000000000000000000e+00
0.000000000000000000e+00 0.000000000000000000e+00 0.000000000000000000e+00 7.478020267614041705e-01 -4.991791611742376622e-01 0.000000000000000000e+00 0.000000000000000000e+00 0.000000000000000000e+00 0.000000000000000000e+00 0.000000000000000000e+00 -2.496087563089778583e-01 1.450294466779744873e+01 0.000000000000000000e+00 2.499619499939798595e-01 2.494699561219000383e-01 2.493023006358372762e-01 7.480776724134250433e-01 2.492264239887229949e-01 2.492742478461231204e-01 0.000000000000000000e+00 0.000000000000000000e+00 -4.993197817198290478e-01 -4.991315058430189633e-01 -4.996463030070243949e-01 0.000000000000000000e+00 2.497682264172008115e-01 2.492635332005387894e-01 0.000000000000000000e+00 2.494021249912557470e-01 0.000000000000000000e+00 2.495679840820324291e-01 4.984478619835857605e-01 0.000000000000000000e+00 0.000000000000000000e+00 0.000000000000000000e+00 2.493808891360967395e-01 2.495865535115500966e-01 4.990782696691446474e-01 0.000000000000000000e+00 0.000000000000000000e+00 2.490954745628092271e-01 0.000000000000000000e+00 0.000000000000000000e+00 0.000000000000000000e+00 0.000000000000000000e+00 0.000000000000000000e+00 0.000000000000000000e+00 -4.999254805226694409e-01 4.991431874354391729e-01 2.495366735128773661e-01 7.484414078425349892e-01 0.000000000000000000e+00 0.000000000000000000e+00 2.497553950714733462e-01 2.494723354285939554e-01 4.993142489647535154e-01 2.492604599955621225e-01 0.000000000000000000e+00 2.492380154011386018e-01 0.000000000000000000e+00 0.000000000000000000e+00 0.000000000000000000e+00 -4.998953807829005225e-01 0.000000000000000000e+00 2.493848300201000900e-01 2.493131206048170845e-01 0.000000000000000000e+00 -2.504333909427767790e-01 0.000000000000000000e+00 2.496098459907039602e-01 2.491831298465868871e-01 0.000000000000000000e+00 0.000000000000000000e+00 0.000000000000000000e+00 2.495512649327997212e-01 2.497646330543432380e-01 4.988697047555776809e-01 0.000000000000000000e+00 0.000000000000000000e+00 -4.993061460127595774e-01
0.000000000000000000e+00 0.000000000000000000e+00 2.493251997779411533e-01 -4.992580020887397718e-01 0.000000000000000000e+00 2.497117937538341492e-01 2.495065568462610239e-01 0.000000000000000000e+00 0.000000000000000000e+00 2.495604896526719407e-01 2.499029438622940580e-01 0.000000000000000000e+00 1.250805109981315510e+01 2.498980646377232107e-01 2.494981536267339706e-01 -2.491352304170542931e-01 0.000000000000000000e+00 -2.501926500930358177e-01 -4.997476670579766855e-01 0.000000000000000000e+00 0.000000000000000000e+00 0.000000000000000000e+00 2.495103610092996860e-01 2.497967502160135800e-01 0.000000000000000000e+00 -2.494757474036376765e-01 0.000000000000000000e+00 -4.990554822676886992e-01 4.989834587468154337e-01 0.000000000000000000e+00 -5.931583534156681381e-04 0.000000000000000000e+00 0.000000000000000000e+00 0.000000000000000000e+00 0.000000000000000000e+00 0.000000000000000000e+00 -2.500871288665390546e-01 0.000000000000000000e+00 0.000000000000000000e+00 2.499388646798861302e-01 -4.999150792460879678e-01 -4.991525693728434132e-01 0.000000000000000000e+00 4.985573388445942444e-01 2.496947697977543734e-01 -2.503721745282020961e-01 -4.991569788859882006e-01 2.497866972946797548e-01 4.986857207438400996e-01 0.000000000000000000e+00 4.986669324497663425e-01 2.494772886697497472e-01 0.000000000000000000e+00 -4.992773321338543902e-01 0.000000000000000000e+00 4.990623551384170131e-01 2.497518276314960317e-01 0.000000000000000000e+00 2.495502543538810070e-01 0.000000000000000000e+00 0.000000000000000000e+00 0.000000000000000000e+00 0.000000000000000000e+00 0.000000000000000000e+00 0.000000000000000000e+00 0.000000000000000000e+00 2.491862099224771976e-01 2.495696620171171665e-01 2.493560480604088692e-01 0.000000000000000000e+00 2.493097216506764136e-01 0.000000000000000000e+00 0.000000000000000000e+00 0.000000000000000000e+00 0.000000000000000000e+00 2.493925681667210625e-01 2.494905397716683237e-01 0.000000000000000000e+00 0.000000000000000000e+00 0.000000000000000000e+00
0.000000000000000000e+00 0.000000000000000000e+00 0.000000000000000000e+00 2.491251011463844478e-01 2.492949867950576270e-01 -4.996610206641768914e-01 2.494895628514826047e-01 -4.995076362383064073e-01 0.000000000000000000e+00 0.000000000000000000e+00 4.994078040605707258e-01 2.499619499939798595e-01 2.498980646377232107e-01 1.000829388976019096e+01 0.000000000000000000e+00 4.992881105830999089e-01 2.494880765267574185e-01 0.000000000000000000e+00 0.000000000000000000e+00 0.000000000000000000e+00 2.494828922120953807e-01 2.493012690445810808e-01 0.000000000000000000e+00 0.000000000000000000e+00 0.000000000000000000e+00 2.495526323880569997e-01 0.000000000000000000e+00 2.494044376646603611e-01 2.498390674447075188e-01 0.000000000000000000e+00 0.000000000000000000e+00 0.000000000000000000e+00 0.000000000000000000e+00 2.493809814405920366e-01 0.000000000000000000e+00 0.000000000000000000e+00 0.000000000000000000e+00 0.000000000000000000e+00 0.000000000000000000e+00 2.499218412404423661e-01 -4.998810298232842508e-01 2.491732922555134344e-01 0.000000000000000000e+00 0.000000000000000000e+00 2.496777629837139689e-01 0.000000000000000000e+00 0.000000000000000000e+00 -4.999984192296939023e-01 2.493418102528635605e-01 0.000000000000000000e+00 0.000000000000000000e+00 2.494602966684389411e-01 0.000000000000000000e+00 0.000000000000000000e+00 -2.498383944000970858e-01 4.996493651132483116e-01 2.496664727319651556e-01 0.000000000000000000e+00 0.000000000000000000e+00 0.000000000000000000e+00 0.000000000000000000e+00 0.000000000000000000e+00 0.000000000000000000e+00 0.000000000000000000e+00 2.497587223620025276e-01 2.494563433137997888e-01 0.000000000000000000e+00 -4.992077602670601522e-01 0.000000000000000000e+00 2.496462638572390091e-01 0.000000000000000000e+00 -4.990515126711923544e-01 0.000000000000000000e+00 0.000000000000000000e+00 0.000000000000000000e+00 0.000000000000000000e+00 0.000000000000000000e+00 0.000000000000000000e+00 0.000000000000000000e+00 0.000000000000000000e+00
0.000000000000000000e+00 0.000000000000000000e+00 0.000000000000000000e+00 0.000000000000000000e+00 0.000000000000000000e+00 0.000000000000000000e+00 0.000000000000000000e+00 0.000000000000000000e+00 0.000000000000000000e+00 2.493110996626697606e-01 -4.998453943937046784e-01 2.494699561219000383e-01 2.494981536267339706e-01 0.000000000000000000e+00 5.006448613278044135e+00 0.000000000000000000e+00 0.000000000000000000e+00 0.000000000000000000e+00 -4.992482608183725912e-01 0.000000000000000000e+00 0.000000000000000000e+00 0.000000000000000000e+00 0.000000000000000000e+00 0.000000000000000000e+00 0.000000000000000000e+00 0.000000000000000000e+00 0.000000000000000000e+00 0.000000000000000000e+00 2.497774850774129585e-01 0.000000000000000000e+00 2.492419316418633402e-01 0.000000000000000000e+00 0.000000000000000000e+00 0.000000000000000000e+00 0.000000000000000000e+00 0.000000000000000000e+00 0.000000000000000000e+00 0.000000000000000000e+00 0.000000000000000000e+00 0.000000000000000000e+00 0.000000000000000000e+00 0.000000000000000000e+00 0.000000000000000000e+00 0.000000000000000000e+00 0.000000000000000000e+00 2.491370335996327678e-01 0.000000000000000000e+00 0.000000000000000000e+00 0.000000000000000000e+00 0.000000000000000000e+00 2.493579771052880922e-01 0.000000000000000000e+00 0.000000000000000000e+00 0.000000000000000000e+00 0.000000000000000000e+00 -4.991291238013751963e-01 4.991378533045213173e-01 0.000000000000000000e+00 0.000000000000000000e+00 0.000000000000000000e+00 0.000000000000000000e+00 0.000000000000000000e+00 0.000000000000000000e+00 0.000000000000000000e+00 0.000000000000000000e+00 0.000000000000000000e+00 0.000000000000000000e+00 2.497977099807618118e-01 0.000000000000000000e+00 0.000000000000000000e+00 2.495581603363688783e-01 0.000000000000000000e+00 0.000000000000000000e+00 0.000000000000000000e+00 -4.998041853816900248e-01 2.491433459834809239e-01 0.000000000000000000e+00 0.000000000000000000e+00 0.000000000000000000e+00 0.000000000000000000e+00
-4.995052384938132861e-01 0.000000000000000000e+00 2.496064123793051148e-01 7.482064668639272220e-01 0.000000000000000000e+00 0.000000000000000000e+00 4.990412497388579949e-01 0.000000000000000000e+00 0.000000000000000000e+00 2.493808619351728373e-01 2.498556147044001252e-01 2.493023006358372762e-01 -2.491352304170542931e-01 4.992881105830999089e-01 0.000000000000000000e+00 1.426214661942676898e+01 0.000000000000000000e+00 2.491218110137535524e-01 0.000000000000000000e+00 2.492490216372915957e-01 2.498685194873916382e-01 -1.023971765671816136e-04 2.491662986631822951e-01 0.000000000000000000e+00 0.000000000000000000e+00 -2.505702257205861261e-01 7.481683672995974588e-01 2.497899436722693101e-01 2.498087649626765661e-01 0.000000000000000000e+00 4.988360253962295099e-01 2.495373168981045719e-01 2.491988457979119331e-01 2.497664511917679631e-01 0.000000000000000000e+00 -2.496515949946219726e-01 0.000000000000000000e+00 2.494556748773118504e-01 4.990154882736399511e-01 2.498915287189428791e-01 -4.998204002505006183e-01 2.495584409802099890e-01 0.000000000000000000e+00 0.000000000000000000e+00 2.496474800659792825e-01 0.000000000000000000e+00 2.490808226558858252e-01 0.000000000000000000e+00 2.495767063912532335e-01 0.000000000000000000e+00 -2.503287024707506747e-01 2.494300401267597611e-01 0.000000000000000000e+00 2.493004774401073320e-01 0.000000000000000000e+00 0.000000000000000000e+00 0.000000000000000000e+00 -4.993222724284494540e-01 0.000000000000000000e+00 0.000000000000000000e+00 0.000000000000000000e+00 0.000000000000000000e+00 0.000000000000000000e+00 0.000000000000000000e+00 0.000000000000000000e+00 4.991371068889202123e-01 -4.992452133014378401e-01 -4.993479954794256548e-01 0.000000000000000000e+00 2.493774708799419981e-01 0.000000000000000000e+00 -4.998228997324753453e-01 0.000000000000000000e+00 -2.505233828489910053e-01 4.991609825022947922e-01 0.000000000000000000e+00 0.000000000000000000e+00 0.000000000000000000e+00 0.000000000000000000e+00 0.000000000000000000e+00
0.000000000000000000e+00 0.000000000000000000e+00 2.499361284258647120e-01 4.985860309646775734e-01 -4.993736100871949968e-01 -4.993146677624045182e-01 0.000000000000000000e+00 0.000000000000000000e+00 0.000000000000000000e+00 0.000000000000000000e+00 0.000000000000000000e+00 7.480776724134250433e-01 0.000000000000000000e+00 2.494880765267574185e-01 0.000000000000000000e+00 0.000000000000000000e+00 1.125615214600115976e+01 2.493235069821533589e-01 2.492708114524520291e-01 0.000000000000000000e+00 0.000000000000000000e+00 0.000000000000000000e+00 0.000000000000000000e+00 -4.993484000780619159e-01 0.000000000000000000e+00 0.000000000000000000e+00 0.000000000000000000e+00 0.000000000000000000e+00 0.000000000000000000e+00 0.000000000000000000e+00 0.000000000000000000e+00 7.480531119428615039e-01 -4.999717671453532963e-01 0.000000000000000000e+00 0.000000000000000000e+00 0.000000000000000000e+00 2.495831128125597653e-01 -2.500787034187234026e-01 0.000000000000000000e+00 0.000000000000000000e+00 2.491925065465510902e-01 0.000000000000000000e+00 2.495134569760511511e-01 2.495228529898775860e-01 0.000000000000000000e+00 0.000000000000000000e+00 0.000000000000000000e+00 0.000000000000000000e+00 2.496457259735372081e-01 2.495332335015124636e-01 4.990802351922939972e-01 0.000000000000000000e+00 0.000000000000000000e+00 2.496064840052487355e-01 0.000000000000000000e+00 -2.498433074394495190e-01 2.494934099879651535e-01 0.000000000000000000e+00 2.492345795069532965e-01 0.000000000000000000e+00 0.000000000000000000e+00 0.000000000000000000e+00 0.000000000000000000e+00 0.000000000000000000e+00 7.486691233926179301e-01 0.000000000000000000e+00 0.000000000000000000e+00 0.000000000000000000e+00 -4.999145383865381542e-01 0.000000000000000000e+00 0.000000000000000000e+00 0.000000000000000000e+00 0.000000000000000000e+00 0.000000000000000000e+00 -4.995783848819834172e-01 4.991380038701034860e-01 2.495092002372223949e-01 0.000000000000000000e+00 0.000000000000000000e+00 -4.992992627807573691e-01
0.000000000000000000e+00 -4.996413831486686830e-01 4.993311525058143352e-01 -7.167671725276103523e-04 -4.992724924703556000e-01 0.000000000000000000e+00 4.992655861191540589e-01 0.000000000000000000e+00 2.496699907542975494e-01 0.000000000000000000e+00 0.000000000000000000e+00 2.492264239887229949e-01 -2.501926500930358177e-01 0.000000000000000000e+00 0.000000000000000000e+00 2.491218110137535524e-01 2.493235069821533589e-01 1.476319359647211371e+01 0.000000000000000000e+00 2.497604503350333849e-01 0.000000000000000000e+00 0.000000000000000000e+00 0.000000000000000000e+00 0.000000000000000000e+00 4.997093373738310529e-01 2.491367146059580706e-01 2.497080001678637640e-01 -4.990356346103957397e-01 2.493646662049048834e-01 2.497755390266773456e-01 2.494039679404659871e-01 9.974337343761774388e-01 2.499341366029916300e-01 -4.999642561934287133e-01 0.000000000000000000e+00 -4.999512891216618682e-01 2.491263214214570199e-01 0.000000000000000000e+00 0.000000000000000000e+00 -2.502434616141167023e-01 2.491420478280941264e-01 0.000000000000000000e+00 0.000000000000000000e+00 2.496871759963776027e-01 2.496250396808855077e-01 0.000000000000000000e+00 2.491986905775561145e-01 0.000000000000000000e+00 4.989720617804804248e-01 0.000000000000000000e+00 4.986213841253195334e-01 -4.997738124893020273e-01 -4.998845610143117235e-01 2.497392906955305247e-01 0.000000000000000000e+00 7.495913937495735091e-01 0.000000000000000000e+00 0.000000000000000000e+00 0.000000000000000000e+00 0.000000000000000000e+00 0.000000000000000000e+00 0.000000000000000000e+00 2.499524699981430786e-01 0.000000000000000000e+00 4.991493020907983302e-01 2.493245718238177588e-01 2.494594056123662085e-01 0.000000000000000000e+00 2.493461310600718905e-01 -7.882947055670719294e-07 2.492998064927612056e-01 0.000000000000000000e+00 0.000000000000000000e+00 2.496818754292946529e-01 0.000000000000000000e+00 0.000000000000000000e+00 2.494806174225364659e-01 0.000000000000000000e+00 0.000000000000000000e+00 0.000000000000000000e+00
0.000000000000000000e+00 0.000000000000000000e+00 0.000000000000000000e+00 2.491574373843481183e-01 0.000000000000000000e+00 0.000000000000000000e+00 0.000000000000000000e+00 0.000000000000000000e+00 0.000000000000000000e+00 -4.993729958197482555e-01 0.000000000000000000e+00 2.492742478461231204e-01 -4.997476670579766855e-01 0.000000000000000000e+00 -4.992482608183725912e-01 0.000000000000000000e+00 2.492708114524520291e-01 0.000000000000000000e+00 6.251749356714229044e+00 0.000000000000000000e+00 0.000000000000000000e+00 0.000000000000000000e+00 0.000000000000000000e+00 0.000000000000000000e+00 0.000000000000000000e+00 0.000000000000000000e+00 0.000000000000000000e+00 0.000000000000000000e+00 0.000000000000000000e+00 0.000000000000000000e+00 -4.992344514797178445e-01 2.491616433632921623e-01 0.000000000000000000e+00 0.000000000000000000e+00 0.000000000000000000e+00 0.000000000000000000e+00 2.495541375551477703e-01 0.000000000000000000e+00 0.000000000000000000e+00 0.000000000000000000e+00 0.000000000000000000e+00 0.000000000000000000e+00 0.000000000000000000e+00 0.000000000000000000e+00 0.000000000000000000e+00 -4.990243394964359314e-01 0.000000000000000000e+00 0.000000000000000000e+00 0.000000000000000000e+00 2.495042640348203167e-01 -4.994668918756733911e-01 0.000000000000000000e+00 0.000000000000000000e+00 0.000000000000000000e+00 0.000000000000000000e+00 0.000000000000000000e+00 -4.997558649984089607e-01 0.000000000000000000e+00 2.492056447123840446e-01 0.000000000000000000e+00 0.000000000000000000e+00 0.000000000000000000e+00 0.000000000000000000e+00 0.000000000000000000e+00 0.000000000000000000e+00 0.000000000000000000e+00 0.000000000000000000e+00 0.000000000000000000e+00 0.000000000000000000e+00 0.000000000000000000e+00 0.000000000000000000e+00 0.000000000000000000e+00 0.000000000000000000e+00 0.000000000000000000e+00 0.000000000000000000e+00 -4.990369832737779343e-01 0.000000000000000000e+00 0.000000000000000000e+00 0.000000000000000000e+00 -4.992412968210349633e-01
